55,96881994022324 43,57896676004319
54,72909222902238 52,085529623501415
44,71008370969919 47,81809614652874
51,01192892703057 52,166386783123826
44,640100957243476 48,50800468040895
54,5200833746771 53,55157154404725
44,32629261851177 54,114715701664025
45,6648948953687 49,82070310157629
50,01259724255212 45,99654873772077
51,96495471969452 48,33878588247371
45,17491567135008 48,95181377641263
50,95287809996536 46,51915106987761
41,11935352357212 52,587870023531174
50,86826507642129 43,342080410621904
44,575828995940434 48,80636133462288
54,663242820434284 56,73850738641987
46,238914126168424 50,1628943697224
49,93812108089225 48,79300309790896
51,78944384652242 47,68123667291939
53,1403553639835 48,53424217189508
48,32193642020382 48,99443229552807
52,35062766417305 50,713462734556465
50,908332036310235 47,56680821758936
41,59340787569266 45,085219086111444
50,89207779474369 49,62171124253615
52,01857814092803 43,0325029656275
53,6165156909806 50,50450048960632
53,47393485357096 45,0323272375048
55,34461422227744 54,33115400220963
44,21782821741701 47,59175998312946
48,1872006058468 46,20382175237921
43,82542957730023 43,634529276288816
47,400266261750176 50,84724611557513
50,80643867301022 49,195953194063186
50,931088568615344 46,98032225144863
50,93893373804464 51,45164387129209
53,198426541345164 41,822555784532774
51,751703600469206 51,995221125797215
45,04232128256341 49,70366247833165
48,981304346577964 50,74234244520587
52,88704749740483 46,4992928903044
52,93395468756124 49,109622820841324
52,22091665636152 51,05484458037137
52,77214335104017 48,464276579434916
46,11655040690154 53,34979667861496
46,45669843277604 43,56291085193447
54,035827317384566 50,61255359370577
47,86782808039602 51,53455750566407
52,71103046056686 50,631195521671366
51,53100937040535 46,00389851459426
47,260032501930816 48,52533501706901
52,297694362009494 48,25385865136146
49,465506532619784 47,99605251715399
49,76061907221972 50,48489686544147
47,606009316720225 53,3804538606569
39,01987986769822 45,547515568868775
50,82724952535861 50,347304797439875
51,24740808383364 44,17496560451713
46,314543599527916 49,53555956179103
45,52071320468855 47,444359398594756
50,230346172725646 54,34186788350037
51,893834299483856 47,71237412432078
49,53347582068084 59,228706679013285
55,3252299164659 56,321260912047656
52,8558596233306 52,187943223699925
51,002258752632386 46,56921983437566
50,02919807569172 52,01685590835465
44,96639136771365 51,096263988688605
49,57856585328338 51,6696577992734
54,052245252711565 54,57966009527197
47,22555439336496 46,4698144600256
53,992176455872176 54,707940755868776
52,393655082844 47,273787260972036
50,1509283707454 50,876406937089634
47,927756746364516 48,86871820524157
52,439048381357445 51,44275418693902
55,108972890037634 48,80058197272064
53,814794241227844 54,216806792814275
52,852781090096045 47,35783359970605
47,42847095422177 53,959820613406265
44,33776896840908 49,79144617636018
50,800443254298514 48,76127636414786
54,46782687014026 50,11475248519228
45,4765066375831 45,90308182109488
53,4196755792737 49,87983624076897
49,335701260268074 50,32257999019244
50,46809664259178 53,25884948789903
41,03730378665068 51,06174570479281
46,33227665013345 50,78704513210972
46,34515549213971 44,34923413488326
48,63166985945262 48,46840585740236
56,57188768778438 52,16218499869295
56,088251431946716 44,17510336905239
48,21366877485135 47,35846072377688
53,93670880132016 53,86475372673654
46,71303544636092 52,65497109883087
45,28905888923948 51,385241257709225
42,884283015762925 51,18828251524561
47,6058004788813 59,213263637520356
43,65194206696347 53,99213356707256
49,87220596428005 48,347776781854044
44,7122087031381 47,62123210571617
50,13315352700326 52,070580015615384
50,970246476436955 44,61746968756774
58,2591569991958 46,767345379537645
52,36464796882503 51,81482932546019
47,1170199528239 50,20254327297262
51,62413517405783 45,400561588642255
47,987213202686476 52,84671535989532
46,227813068886256 47,71590849055471
55,760294069271055 53,59124581318122
48,5734842998489 47,78367407068772
48,500935689506925 45,50850631971564
43,835083473856855 46,52986265010544
47,81442999829525 42,16271431406003
53,11032945636934 58,35489254458851
50,23165067073846 54,93365327827567
56,57441217627324 57,87533331329783
55,601258394349486 49,045644676998315
55,92147048638329 47,85109329139131
46,88325068966923 51,58309688445679
53,3790512041577 51,33403568058833
52,44922052619374 52,12210466190498
54,676454094562324 54,490872825698794
53,97153987039949 50,886597212396424
52,56908105984063 45,61818832507577
47,27271299232589 46,04787983460285
46,86610574290969 52,96271730978979
50,340783877921176 45,65280977627633
41,19931586417921 55,908498058089116
48,59695623452449 48,32431794438048
48,9583789518773 49,03681887522783
47,52498904979071 53,14290947535031
45,37584706259088 47,008821815423794
40,01401286507263 52,57023443900334
52,78813244058034 53,241705925399316
47,00847257984371 47,46538495525812
54,477247888624994 51,370677316749095
48,03914718366225 50,58954550019068
46,71278951460739 43,968875105723804
43,807406344700944 46,21365553157728
50,703003813545294 46,11788462742506
45,86431392511237 45,25415879161045
57,39845867091366 46,960620795284186
42,477443476923774 47,519951565768466
47,90930263948922 49,051951919401276
47,65353800178997 43,6475033668717
44,50128190999302 55,5245172171246
55,1565662071735 47,64195899936109
53,272688607309895 45,46598400074276
50,58751079177708 49,798368205163165
45,7508868853608 46,57122985320413
47,704060809630874 41,64910927885884
50,26754840720001 47,989866644901404
45,286881361738274 44,7711923025025
43,73841588603991 50,14216574698813
51,12223186207448 49,29131858601137
46,93124086489939 48,3339540361776
51,74892604514554 51,704964755426346
48,17858742674831 48,36773069020024
57,0262700345386 49,523957310943494
54,27637384899973 45,90881337020096
47,70780720387901 46,66250225258827
60,2939684751661 49,64363849644249
47,0627219599112 50,99293373702734
47,88022538038663 47,84588728572163
50,37745548916304 57,589781878994
44,724897973247586 54,531217935634466
45,22479348763564 50,43039325873371
53,30369096454082 48,524913026414524
46,69403627130702 53,22299898311552
52,935684997300335 53,789828722292356
47,07052443693512 48,34775822475138
47,913236641798534 57,84593525634976
47,55512818762667 49,8866580190458
48,704618229364506 48,45131537613578
49,53384392877561 48,444778562619476
51,996873833727506 53,30184403625552
46,23455258061306 46,28777109285807
51,79577144917637 58,00759989181673
50,89124399100741 44,38799158420954
49,9942606931088 45,81679587865509
50,89639375926987 47,73004028421935
49,35545075089942 53,195614586725874
46,241934333458815 52,449687944296834
40,0548179003354 58,43060472040485
49,64255099549505 50,1464475196958
49,14380964132964 50,25609504426757
50,450959589539465 46,345031140403385
54,510492191470064 55,707400603437506
48,634275967204445 46,18731162903586
46,81981891131668 50,32962558016065
51,79990802875441 51,31780713713362
50,737618705955015 43,8760727084413
47,410360241025174 51,40108899000281
51,40182050430753 50,76231213279159
46,377659665769535 50,266106801873214
48,314829708661065 45,7709201724563
52,6276190923477 51,44936054090395
47,78900268570753 56,24643059731882
86,92729664932052 86,40876038942463
77,28926123508826 76,25404492533146
80,0227453747737 77,49344880100007
77,5949829066187 69,19510159588164
73,17351138399552 88,69372519596646
83,14356968141323 89,54859788234415
78,75431500076334 79,98125935141738
79,08014517538533 80,47048454984913
83,18873026027788 81,72787474539261
91,2244973019682 82,3247306965858
73,92508236322172 80,49863768147743
77,82439202008871 78,27892385680326
78,66021240732726 86,93428977912046
74,51502013608138 79,9156989546587
82,82787451028162 80,49544355314463
80,67021407338869 74,25996074868969
90,13370681284688 76,54784679890088
78,57979780270422 76,41835997134298
81,83381823828644 76,22760872849051
81,919156094433 81,74082876254181
76,73865607646293 71,9185700830507
77,28149531133317 89,00280218047473
86,46062543762983 79,82947721276241
83,62712298654469 73,65160529751644
87,2755032796816 83,0738449848107
79,11737364574178 74,32105630488846
70,20570595917583 75,96386666900217
87,61679691252122 73,71917572541652
72,4196292407047 75,37093302488046
77,90817493609256 81,74686768688291
78,49469693326309 76,81371796957126
75,65155246132142 77,66998076437207
75,45730440756263 81,16553762561784
79,65178128155613 80,00488035855419
78,36233318702375 78,07317313302936
85,97368538295211 74,61014346028212
81,98638400687054 74,85257567967145
84,19050352352663 87,88107750141674
80,55732247105429 81,46179096734988
75,9329606390955 86,22921509233248
78,97664055691246 83,91097960145468
79,72598079738677 75,29390612168628
76,37273642842138 76,24834099555008
92,59505067961209 81,19374647439719
79,39122486387863 81,92642979833022
76,0861846444928 88,68564166849494
82,38234309908502 78,01747491301144
81,1648583043001 81,62559588599791
80,80165464271411 73,91555594591982
85,91412797362644 80,33412294022033
79,67056480662754 86,94791518357258
81,10645905946288 81,54363087319135
77,77739633547874 78,30427999331901
78,49484377415655 73,8637404822541
80,60699114206335 87,12078391440835
73,46010454632675 87,23796879884729
80,55966632865528 86,00047446671266
86,22288445653088 86,98386073411689
77,89493989815664 78,91265366139896
87,27845466256375 80,57935014984663
86,75680697692042 80,87991517066082
84,87997317311752 77,95366020741292
82,6315784164572 81,20081193741386
79,70749586816629 76,54862476267837
81,59141873071654 77,71206254847128
82,90510152858567 88,14618478547597
86,36412121424597 77,81242033980318
87,11797817758294 76,25247261346156
80,77542908847161 78,01470080291584
82,3801682413682 78,57809727123592
80,67617047250967 82,10839272685118
86,48178779122429 76,8202119013712
88,97049730810382 80,83163695387051
89,84690771029634 81,70056600905909
82,9065125389403 81,16209812068742
80,5423918858858 78,36261710687391
81,83601346771698 78,00872728057146
90,84316500478094 77,96982677722656
84,33596106378931 80,99686355364697
80,04280561491483 78,36622956993662
78,94830652989292 81,12060727050763
84,96003293359851 75,78697958053162
80,24063042372545 81,6714137760224
70,6763607612508 80,8578496774745
82,09564138336783 82,33098793456145
82,46864870834429 80,48145910617608
80,69790203372499 80,25942621577956
81,64467407207263 85,90058862067634
83,97299109934693 79,57896893392815
79,35044052758545 84,87140942594625
70,90288284622093 80,11499229318015
76,20518758573365 88,26463242704615
81,41665136712585 75,38448336413511
78,51550146226897 76,66595688379388
74,38944198663062 76,78729831772594
74,23174717064234 79,78127009258378
72,55451753716986 84,76392762994674
81,42155123782837 85,93323623820346
79,82057004690017 81,0513812264935
73,61520754102568 84,74314762202562
73,98629860573271 76,64804099304143
75,51489767201082 75,660299844307
78,51203100659873 81,38021138436012
73,65471197985066 80,83216472761251
74,19684342654601 86,71441960271937
73,09826308848504 88,30498010055344
77,18136865641455 84,01684786745999
79,15479922987433 75,33083172255874
77,32462555309019 82,33788551303262
87,42219411045657 77,82053932681714
89,25190534400036 75,10046993037186
74,96240091989992 84,27469123066602
76,45232782165667 81,51965591971545
77,06122888421369 74,57158480910174
82,77300132607289 79,13123618522953
77,36766129764145 85,2365319741564
77,55889069502922 79,62306787545567
86,0776506307982 79,93950548583281
77,17542046660995 84,84314174706508
84,68223087302584 84,62513838366722
73,96125983285047 74,75678190247548
88,7292172947931 76,36498046951188
71,73650334921945 83,68600311362121
78,19824869443615 74,4039539514552
71,46058303837867 78,028355717382
76,70794657150903 84,54313152695293
73,1105884588719 86,27827720129622
72,9496165258282 87,45521611472115
79,04551171004819 86,00279914966642
82,50081795258109 73,82902857151512
81,87374608993319 79,53051629000396
66,75717693395623 80,99335969599025
81,01800895627878 80,31912730675931
81,79877183633377 80,39255009441612
75,3246812815742 85,08341062324133
85,46687903602071 82,29051490098595
88,28781023119431 76,17122774819
78,72079671295594 73,8706463983648
86,91898489843743 76,23966569810884
84,6725219899555 78,49920271957446
76,80968679798545 75,65596097407465
77,73525850513147 84,51564693062218
78,28837553071203 78,42833117325765
82,60467978782049 89,29102262786816
79,32622153974732 86,13039053426075
76,41634382253183 72,4792787388428
75,5988835776081 78,83775330278971
78,25768991332717 80,02002865666027
79,83980995319608 73,0122335642086
86,78032752523204 80,63866178708436
81,36895592584995 74,08974932522307
76,29623907953852 77,07118196408743
82,9160965299519 75,8659809252906
75,6259454842836 85,29521828868582
79,93051413660237 69,08379683466654
87,5461629261568 86,72996791572909
78,22238108044971 80,67490955712775
75,90289930098827 78,35981164642797
79,4458391281101 65,94548761205823
83,87335684689522 87,00265523409284
75,50293595803286 85,37418016231251
73,95567435155962 77,9742052408717
72,39382337298551 73,73958330331321
77,65311076759389 85,96615068874013
80,17315833171334 74,26648350611781
80,49030792593081 74,86919501513673
81,31546639461314 73,0255515137023
72,53339567285515 82,04000258447952
83,89642704725601 78,33311495059833
85,06692231652725 89,06894138644786
78,79771922063554 79,60286822578759
74,31816872008001 86,73208659816613
80,31961396152043 80,72266032221637
83,28559100684002 83,55457096983379
85,06574436520947 79,86891685062284
77,26076957806906 81,96845639921834
74,72379861592506 75,54225811365156
83,68859340271172 70,46773946188713
81,2289687758959 71,5964808432489
75,44228226012349 81,78749253304285
76,40686743303668 81,8377960025161
86,83283766085032 83,24753993936932
73,36719027910887 91,29338942886449
88,41164186951166 77,17840578304995
83,39095838516576 89,35410212331584
76,13449682166218 78,21572592952877
87,94476758915596 94,74376501928452
77,73074668716544 72,71014016868654
72,7412597477181 80,96318631161387
83,65705502063554 78,12754549441652
85,73209909372632 83,09993898789618
71,8260409585627 75,59437920033585
76,13023795517799 79,68051396884356
80,95301243948309 82,418593764643
79,31393911920091 78,38990331571303
81,19170006682825 76,12345840954266
84,43608425347676 86,06038519489462
75,82449482227821 72,72573829805825
73,6812988250698 74,86973300197701
79,05859474396594 78,5210031091464
85,71093239575849 81,99563321931359
83,18977031407444 84,87007151825955
74,91505128001668 79,52598330983646
84,72206581303884 78,58516143110744
91,5975632707361 75,83292213896635
80,17143125107403 80,99650565397593
84,50881200044284 83,6237839933274
80,93996500441806 82,96303625150344
88,59293189021004 81,0245256954164
79,31921535504907 84,36571788972535
84,64804886924352 80,37839233132671
84,45205431871868 79,59835826323813
76,87365382988398 85,23135583702526
74,71835846535893 87,32850097122694
87,27913438264952 75,75218182945179
75,9276594878738 85,68798365172
75,94549993416699 79,13902984424249
87,38615231767356 65,85068016115036
83,44648047829862 86,65079977473977
84,1724852121972 75,00905517012698
80,13009319358771 78,69207823293823
78,29329008281876 87,70000910834501
80,57638935136676 83,19741968389471
89,18809516509526 81,18623827222014
72,12373380842408 82,32862523401748
79,06975095152187 78,8349124372859
83,59805106965784 77,55429474275712
79,81987820090015 71,65997493968707
76,18229330231283 83,52268638216582
79,54576067568964 71,23417925912935
75,48038523426237 79,44333481774014
84,89669771042801 80,01559453362938
70,77103004729182 85,33654629857695
77,60226820496426 76,37202201992913
79,71766981986184 84,41979190297904
86,98894521253352 77,16235368957327
75,57020981412808 91,23390490830926
74,36658887041135 81,28487761949253
79,31554844388052 84,97260504100372
78,13054689016785 81,32380489894864
84,47492911463432 74,39169080111472
82,25222564618937 82,24163522184705
81,51918044729219 79,11683622860008
70,51357680355848 78,1971475057707
90,38033443326364 78,41106106474163
86,00736352231007 75,06534737158779
76,99949520608664 74,07832099981223
78,05029933459359 83,41875953077694
74,5242559154585 82,13096934073647
81,02507152987867 87,0411604126252
125,0493654526812 125,81436309239363
130,15788991583338 122,68447280447738
114,6576842668267 111,0786698322167
119,72775606279995 124,17106993846774
120,84079090427817 124,80198543767969
115,00372588595157 125,01816218435962
125,3974159824634 133,98025417336513
119,80052125617237 117,9718178236785
123,07962687462518 111,15541024130674
121,48290433125496 129,6699381896233
114,64497976950096 116,60101878826863
124,94229912756732 117,41793049082418
131,11820928069662 116,58840885739858
117,18742582995911 113,97017874534654
123,29900706873761 115,41427253302966
114,47383069091204 122,47697783299836
118,19936479012232 116,6579053985305
133,6244148915282 112,82280997127577
123,15775556005798 123,38896441722947
113,22233413685169 119,00804005058897
118,43154516475445 119,92867977866342
116,74562053659953 124,38407338999463
119,04400678653319 115,50138080216209
116,63400424626471 121,2178912720281
120,6166484753658 122,63756994627025
109,30978102863368 129,0687331412351
127,08892192083218 119,50274025872106
113,61536307849421 114,67546792653147
126,13396124904426 110,24544019029103
125,0154567329832 118,33950429034961
111,61656451063813 102,08793208731956
118,85340020502326 119,59053722493388
111,41325843901625 116,7051816202203
123,25749131920271 118,59219198055096
109,97823563224271 116,18895704795183
110,96298158782757 114,64261188603186
117,19545685290686 122,59341401717481
121,8578628656765 118,95999317842202
120,8286838417018 112,45130417468444
124,49621964032777 119,52988173976796
120,68066008532404 122,42464555145645
120,99064939486176 111,6953696073019
119,95857094587213 116,41558004947431
111,59364541545553 123,53478700392853
120,70743895974184 121,31157838176838
126,45999556399455 118,36359700000727
110,80914072318252 123,66856567841401
118,70195748013727 120,91991236143647
106,6761625686564 103,14341277691751
112,56760117110532 116,61258440439151
117,88088398188575 116,91103533907264
124,02000076885705 125,57779677978168
117,58410893891444 113,44314112371018
123,92808257452606 118,82300271850221
120,38905847399565 119,45852756809339
132,8366999612778 111,12276230615069
110,95415482121209 109,69144275851205
118,43703799100372 127,67000131019746
120,80215343606679 127,4878843618253
109,43425021212715 121,45124365779242
121,34664460897436 113,20029867395458
118,86922635641916 121,48990123505466
118,54889562697124 120,2239289257666
122,57177756598801 121,75278486508593
112,66820611721282 128,0361775197517
123,99898320681186 115,47271522232589
122,87245054067576 120,98170653052043
120,60765903149559 122,92977775028672
125,8570633311397 119,52174508337913
108,82921655544736 119,40053593428073
123,20528324289087 115,65640135010861
122,98184153476166 120,4750358978905
125,28166564555464 121,7174837399064
125,46895996339143 122,67682633252669
120,78382798768129 127,68464165233705
120,7084994452532 107,96282742114346
112,28493967571453 121,38374419132676
122,26319724844856 125,21797240411753
125,70723840770351 113,86461628818975
123,90603435682578 118,06206987792605
124,54580803613977 115,71700827642474
120,42955892696911 121,35662523099678
119,92628117941032 115,6959898489202
118,15472856470595 120,45749782648826
126,67124593030994 111,11106501554495
115,82285327820227 121,4961672932274
128,85700621810528 128,35283293637062
121,54719250868997 112,69038681174138
116,82900257542359 120,59052211060543
120,18673957299599 116,28818053932865
128,04974298222098 128,49416600405857
122,43284139560728 118,7137777117316
115,48987485994219 119,62859254261211
120,99222369658025 115,63718534338696
127,07788583884665 120,04262212925063
123,69581659956883 119,14240363520369
126,14790532568533 122,24207469636879
122,26017940279876 118,2804709100354
121,37662140505128 118,48330080460134
122,44390044385491 115,61825081529344
120,52232039400904 122,28076949177068
116,22681919827876 119,67326540615005
111,77209701949468 128,4790046740044
122,90610976620499 111,832409108205
113,3187964025057 115,89153980336114
115,48169355621269 123,18006099103987
117,23264912565755 116,12462701979462
126,85010366697766 116,44544325066568
131,74753246545976 111,65296811928025
112,61007339013582 128,42501356603094
116,54776748114155 123,48178152026907
123,5491951118077 123,34947473173256
114,91683841209915 120,08368626921418
119,61085068155879 125,3291382064903
111,97175985055387 108,58930437154777
122,29259765410828 121,9547630251598
120,54360185499442 132,55602321028505
130,8682691882538 126,51872103841191
119,35220467900372 115,01910153726962
130,99134277183248 120,80542012454491
109,94433703714468 117,71029460512257
126,73342271630348 125,59018527679953
117,31118544426924 118,40944908300638
116,13963847275977 122,57261580986562
125,20202917874414 125,26121206714704
125,56160079536976 120,35724406371745
124,47402057224683 138,86009284909105
119,10492059414008 125,09952077810365
122,82708718147775 112,35999497864978
117,63700932204053 112,27630741098227
109,84301166199685 118,85789443304671
121,2867952706196 125,77423637465522
117,68175915235979 120,99740774978964
121,01772519564165 107,52720607433591
119,6461620974916 119,43492573734831
118,79338767168305 121,94879802610771
111,2187812494597 130,91233994688125
107,76575266752569 116,21237719735836
120,33640086331322 123,25721955736232
126,35116966780522 114,52967778163446
126,17895372344981 114,88873694405942
127,78654613385449 119,04102469820981
130,43795209240554 114,5290072049514
115,44453715472316 117,17065030229217
126,96354644662748 118,99627933520175
118,69292902284131 112,21012681200571
122,90523937686484 118,5059505876543
114,89062070426381 114,29740160689366
117,65014802056939 116,56155101448651
114,98722994173006 116,5121921871548
121,13632607915795 119,307114184445
116,28479283152947 114,0978823261672
112,19226926710428 119,18672549863199
111,43308074196126 123,81739537042617
123,89471080874692 114,44106708442658
109,83576736118935 122,31114573973285
116,10497970777963 130,6554318489342
131,71477786976985 124,10406356896212
123,82027546111661 111,243429549462
128,4534570221752 127,29567778608462
117,35651356774724 118,2673521586028
121,92098599946144 108,17364767898408
118,84313197489705 116,31492238934156
120,31211159440242 124,44729704108467
114,02800989896859 115,90346574719953
123,64473242042965 116,12518020050308
129,794426320853 120,57811654159931
128,3823176854209 122,7869090272641
114,1892726888865 128,79444640148463
122,21320688920635 118,95999474211229
121,1958832141833 114,61857401538957
111,15494978784821 123,76703583359624
128,86222883767007 123,38993568753831
113,88462316756488 119,42219570189131
115,7607616189854 128,38664255677435
120,41820126228238 119,58785112791276
120,22596898296321 116,60917455014183
119,63180642117625 129,87878670821843
120,38319862130173 111,01578712006365
119,71081553308855 119,85919290901622
129,59234383481677 119,44788255128026
132,07252707203818 121,87925115209237
114,59276371326207 113,61952940008456
123,09433641175312 116,74557787175182
114,48157439120403 117,34931687031936
111,96853403865387 121,3668300927125
132,6131383430323 117,07845272400137
116,03123886128273 107,9639535896536
120,18942301322072 119,2449071466649
115,76057160135392 118,8764393440983
113,51929845537138 113,69475268725321
124,05158745976225 126,566812185414
115,75047623323664 128,2470914738679
114,43012831780325 116,16096159536453
122,73059832674576 120,95733363742076
118,99671949607249 106,66744423190961
115,11306474958428 118,30843065359878
116,95468954225737 122,44249314918788
116,94114204570997 116,58898847490134
121,23593281008151 115,82259130555755
123,54964097893675 121,10587535167525
119,90744948122577 125,61909844089229
116,7485479218446 112,73110576130604
119,78297147232533 113,28504306265415
111,76450247324208 117,99276195922616
129,0328781715595 129,51759901780528
121,65181343734442 119,88273929997705
113,27344001117628 124,14693595723462
121,4814042176031 121,37074619907735
133,2741372965028 126,57496894383078
127,66150942828787 122,38558866288795
122,00496155689012 110,10332742582914
118,2864813293151 121,76441215897643
119,73914368174593 116,82433155010037
119,0282602377262 115,11719683068742
115,78464919669473 113,68887041664554
130,93804616998835 118,49085316080556
121,4706854449866 127,9964192522141
115,77438369596372 123,53045204869447
116,60980751029646 120,43891004590516
121,11470791721567 120,0583319867253
126,53880790530826 116,87756441855046
126,93463009993675 120,8772631999379
124,15201799939854 114,23228077975573
117,81129884936975 116,71839311959012
123,4614845568732 111,29564687373463
117,46386201519601 113,48298724992218
116,82255096549913 129,28305786577195
119,92169001038248 116,08489248248158
129,76717436316846 123,2048456210642
121,77459450369368 120,4312484264374
119,26200254352308 131,90678688920482
114,56304510183742 121,11725189083565
125,89681187870002 124,85743757462588
119,18458425605996 114,20200646009908
120,48970641734908 118,3154273317121
128,95062962917493 124,79976020982475
122,46284456203206 119,39313401301597
123,49536064678472 123,36831446657999
122,18966140403083 115,83228861299476
116,7545470480533 117,11316633886057
112,61771946428526 133,68312507000047
130,35087963585624 119,53687747147016
124,69827128280328 123,38119696524758
117,0980508475181 118,2385116508426
111,31512905518639 122,52151733936769
106,68931833645252 119,02911230279035
121,43163537453339 116,04780197752382
112,06597017860132 125,88479154338842
120,99675810585647 129,29873048114194
124,49311872431548 121,1766579576604
133,53806382267308 128,1612324837349
117,50787155077442 116,36105139934894
122,6216831273284 124,19413928774739
129,63146320077146 126,27296809500714
117,63248533620492 119,78622475411828
124,72253669631273 112,379710510047
114,02421289847106 122,30966124072589
112,66907181877485 116,14225841169922
126,39845504941862 119,99557988863253
111,52270428484499 116,59301676981005
122,83350102379876 120,70500680378566
112,7905059703562 122,13854130938104
122,78828039892744 123,62341326565104
135,47394868020035 120,12461826559755
112,36819026499177 123,48433784487631
113,21077168959249 121,94388011183544
111,9931399872999 112,9501828986762
122,30001094232559 124,27291705137353
125,65311876568674 120,25939609258526
116,11600091776992 120,6061401656557
116,51348841025654 128,12176388367212
115,25882830975061 126,19341019986635
128,6718656424467 110,16172624974433
116,32350150448222 117,89073890566604
125,23610503706153 117,1120796755418
114,94215122938584 122,73329064444567
115,00794532611499 112,30678841159956
124,17635680419991 122,60924032078252
111,45492674181618 107,06405836415252
107,33990872604991 112,13259759905554
126,58316239617966 119,68646824953625
122,2901085041632 130,08721069462453
116,45538011644486 116,71025455685265
120,85644756713496 128,9309203117023
108,00283707078852 125,13562728138658
127,94111552147292 120,02487772814052
118,4722694496556 119,74531942975048
117,7192151715961 128,10410906300208
112,3743982861573 127,35258540625387
122,68242329328555 128,42672587734086
115,86159933803803 117,97741936085285
111,09938354018536 125,52178021806931
124,59028347384347 111,0063489359083
110,58364550369679 114,1867279700594
119,0763624066913 136,8670770991899
108,98788120282214 123,17088317505849
115,73197376208196 117,95373057757297
131,91869112790863 114,1210729913962
118,27937384253347 116,62693987537402
